88435833,
100660834,
100549635,
98385729,
99846198,
108586198,
111962604,
97217343,
108370573,
91594375,
99631875,
98992864,
98428803,
101869739,
97989323,
102831823,
96568594,
100714271,
100003750,
99902552,
108235625,
102432448,
100610260,
97765313,
99867396,
98993333,
99689011,
101712136,
99935469,
99908959,
97940260,
90674270,
99920156,
99939531,
98404010,
100996146,
107638333,
101922448,
100023854,
98955052,
99440156,
103852917,
98937031,
96997083,
100926354,
99405364,
99873229,
98014583,
102803646,
99648177,
115079635,
117953802,
96539739,
98989115,
99914791,
98800260,
97329583,
99292084,
101893750,
107700573,
99982656,
99915364,
99508646,
101927344,
99870572,
98018646,
99950312,
99440156,
99993333,
99996771,
100908906,
98484583,
99939219,
100716198,
100545729,
97283646,
101383854,
99909635,
100025834,
98007760,
99410365,
100950989,
102790573,
96127916,
100864531,
99286979,
99947865,
96996771,
98952761,
100438906,
99919948,
100920052,
97958542,
100029948,
98443229,
103761823,
98984323,
97673958,
100508125,
99538854,
99974792,
97872187,
102971927,
109516197,
104122917,
102305312,
99959062,
100224167,
99548907,
99883697,
97994063,
99937500,
100551719,
99869427,
99863854,
98009896,
100437500,
99907292,
99831927,
98964948,
101826719,
99519218,
99995104,
97900521,
99468281,
99410365,
102766875,
99968594,
98111511,
99816302,
98558906,
99220000,
98030729,
102838959,
98456510,
99898021,
100978333,
97966042,
100077031,
102403750,
99826823,
98010469,
99997240,
100069740,
98518646,
97966354,
102868907,
100062187,
100500208,
98879114,
97903386,
107838542,
94855364,
98464114,
96181146,
91461198,
100959063,
99949219,
99909531,
100549323,
99848489,
98995937,
100780989,
97752709,
99626042,
99989584,
103853385,
100008646,
95500052,
109321823,
101320469,
100005000,
99925625,
100922604,
99090052,
99337812,
98952865,
99969063,
101828386,
100141250,
100228593,
98035104,
99020156,
100295364,
109536458,
99896145,
99455729,
99285937,
100187187,
99632396,
100880677,
100440156,
97222864,
99944063,
98922187,
98896354,
100838854,
101914531,
98946250,
97238229,
99895261,
100958438,
101903385,
97994739,
98451823,
100934948,
99984479,
107706719,
108961042,
100200469,
101876511,
99976458,
100901094,
99476875,
99921719,
98942500,
99067708,
99371354,
100000677,
103878125,
97956510,
105819375,
107806875,
115027136,
101543802,
96943230,
99000365,
100866823,
99514896,
102861302,
98002499,
98992188,
99890156,
99288177,
98216928,
99327135,
101123125,
99976042,
98394167,
98853750,
100937240,
99904271,
103032031,
96360104,
102005469,
97991302,
99441614,
99016042,
99925781,
101868854,
99936823,
99454427,
97995365,
99913594,
100759323,
101797500,
105659063,
90853907,
100935989,
99909583,
99491615,
100914895,
99007968,
98917083,
99506146,
98945521,
99199219,
99883490,
102924947,
122913073,
103869323,
99632813,
102793281,
99066562,
100095520,
97832188,
107281771,
109709791,
118236198,
110415677,
92413124,
111016354,
98579480,
98822760,
100980573,
99892447,
99483906,
99025156,
101912708,
99865260,
100991406,
96456094,
99979063,
101462187,
100910208,
100084479,
96415937,
100009427,
100954323,
99351406,
99391875,
101648854,
97803646,
100829739,
97573073,
98963542,
101916666,
99943698,
100010313,
99408490,
98049010,
99946979,
100964844,
102023177,
97335416,
99652448,
100934688,
99035208,
98953178,
99530052,
101803958,
99144271,
100625261,
97699271,
99886666,
100661979,
101874999,
97694219,
99585104,
99405938,
99969636,
99442864,
98000834,
102758020,
99920521,
99944479,
97482083,
99819323,
101055573,
101845730,
97488386,
99006042,
100881198,
99658281,
99930365,
99472864,
100899740,
98955052,
100065938,
100826771,
97537604,
103107552,
98733958,
99526094,
97373646,
99910209,
100023333,
102820781,
100084010,
95970209,
100946823,
100037135,
99705573,
100422656,
99988177,
99719323,
98934844,
99203490,
99009688,
99923177,
101849948,
99621094,
97510417,
100647448,
99180157,
100815000,
101510677,
97217084,
100299740,
99668073,
99968333,
99505833,
100687916,
100121146,
99720573,
98941459,
98883073,
99835364,
111418698,
100333958,
100078437,
97978698,
99412657,
110336510,
100438125,
100604583,
99901198,
98950833,
99845521,
100100260,
97914531,
100004115,
101974479,
100932708,
97315730,
98520625,
100904219,
99999792,
101507084,
97988333,
100960157,
98952812,
99467552,
98346563,
99604115,
101504219,
99649167,
98872865,
97743907,
99002239,
107548698,
102924584,
101087448,
98515000,
100085781,
99866927,
102923906,
97112500,
101512708,
98060990,
100977396,
100129062,
97573073,
100152760,
102724740,
100160000,
97905104,
98460833,
100791771,
100063750,
101932552,
99078854,
109732708,
99065416,
99522396,
99081302,
101954063,
100062084,
98571927,
101024479,
98061562,
99998073,
103863437,
98582553,
98060469,
99034115,
101029688,
99538489,
100042448,
101022604,
99981563,
99097968,
99503594,
99053125,
99976666,
117627812,
95167448,
99027291,
105866355,
91733490,
100950625,
101061407,
98107239,
101415573,
100105521,
98989584,
99024844,
107833438,
100039531,
91931822,
101017969,
104923698,
119965469,
103961771,
99451302,
100086771,
100011094,
101023125,
98562500,
108792604,
100046927,
90221979,
101008959,
99496563,
101070938,
108320885,
100494479,
100002865,
100094896,
98222864,
101919687,
100033541,
99948594,
98096354,
108813230,
101951771,
115669374,
114168490,
99585416,
100028750,
100018906,
99984166,
100035261,
108803854,
101054532,
99524011,
99045000,
100101249,
117576615,
95115468,
115133438,
91825104,
99942500,
101108646,
101454271,
106874115,
100866927,
100083854,
99974688,
98150208,
102396354,
100070416,
107714114,
102051197,
98046563,
100052291,
101936093,
102046146,
95595416,
101044740,
106809219,
93252291,
109724375,
99993437,
99533958,
100087448,
99965937,
100089792,
100544687,
100022396,
100008334,
107767135,
101022187,
99028542,
101970521,
100526354,
104877187,
92247135,
101018281,
99567500,
118576927,
108300677,
100005104,
108798698,
114168906,
99599948,
98975157,
101083437,
99972657,
100056875,
100525833,
100067136,
98922708,
101115990,
97466302,
102042187,
99919792,
101147917,
96974636,
99626458,
101876771,
99098645,
99999323,
101064010,
98490937,
100072760,
99984219,
99182916,
101362552,
100065416,
100008802,
107876459,
100000989,
100037240,
102909479,
99599167,
98044219,
99127500,
100924479,
99204166,
99985885,
101033697,
106850312,
102009531,
99949947,
99065573,
109771719,
109890364,
100927188,
99080052,
99427343,
100104791,
102927760,
100988750,
95642135,
100034896,
101012604,
100010365,
99971458,
100493802,
99043958,
100059271,
101100833,
97426302,
102980937,
99006406,
90771511,
98135938,
99048854,
100907240,
100047084,
101484323,
99094740,
107810260,
100975885,
108835468,
100032239,
102005833,
100054635,
100014844,
97579896,
100964791,
116148907,
104851823,
98639844,
101960573,
99038334,
100045052,
97628542,
100002604,
101981927,
100014479,
100059062,
97528021,
102009740,
98974843,
101079896,
97563385,
102007812,
99001094,
100026355,
98534375,
100018281,
101008906,
100079010,
110721614,
98093750,
100087084,
102905573,
99468229,
104943333,
92212916,
102199999,
99275521,
98021146,
100013229,
101992396,
114812760,
110194010,
104585312,
107168646,
120447604,
110270781,
99488073,
116160833,
121052760,
118609010,
121028125,
120107343,
113595885,
107400989,
99519271,
93161979,
100014271,
101518489,
97112656,
100055208,
101005677,
101907657,
96326145,
99905104,
100011406,
102948385,
98469010,
98098021,
101051354,
99942761,
100504584,
98079531,
99997708,
100056510,
102965677,
99547084,
97116615,
99974688,
101080105,
100511563,
99014895,
99043020,
100968958,
102125468,
99376302,
97080833,
99985782,
102034375,
101032396,
96627605,
99986250,
89760885,
103551823,
98397500,
98105365,
99550573,
101975729,
100054531,
98087865,
102025468,
98545209,
100047605,
99907447,
101025834,
98619166,
99978177,
99991927,
100067604,
99991823,
99609375,
99964427,
102959531,
98066562,
98571197,
100047917,
101002553,
96102709,
92716042,
101037656,
107070625,
104655104,
97125365,
100451563,
99050260,
102006614,
98040833,
98572083,
101005313,
100036041,
102011250,
97102187,
99498854,
102003646,
101048958,
98045520,
99941979,
99575885,
99967656,
102017031,
97171614,
99477135,
101004375,
101967292,
100006719,
96607031,
101011927,
101939896,
97080937,
101019219,
115909271,
105621979,
99003073,
98073177,
99578229,
102009063,
100010469,
98118646,
100003490,
101500261,
99304948,
100816823,
97968698,
101684791,
89794427,
99017916,
106800938,
91663229,
102078125,
98981875,
99730729,
98906198,
101992812,
98961145,
100048697,
98331042,
102286979,
99905833,
99109791,
100925781,
97688698,
102035469,
98975834,
99960937,
98640625,
99031511,
100664480,
99999635,
100987812,
97593073,
100103021,
101875677,
101058021,
96563958,
100048698,
99999739,
102011250,
100013177,
97601094,
100026771,
102095468,
100838750,
96609323,
100046250,
101012240,
101990729,
99065989,
105864791,
91684427,
102003646,
100125260,
88746615,
106757553,
102034427,
101024531,
101018385,
97501771,
108885573,
101910312,
101034114,
98092552,
100087656,
99429635,
101993020,
99034115,
100023542,
100038073,
99543386,
100990938,
99075105,
100055312,
99651250,
100825625,
99103958,
99000000,
101021458,
100429531,
101030209,
97053646,
100036875,
103049375,
98494792,
99985260,
98029792,
101016093,
100500572,
100075000,
98105104,
107810521,
92688698,
100043385,
100001510,
100008177,
100045729,
99510000,
102010313,
97115521,
100015781,
100486094,
102019010,
97155104,
99922917,
101077552,
101058906,
99001927,
99064427,
99056406,
99477136,
103005833,
97056303,
100179270,
100900416,
101518698,
99956042,
97215156,
99866875,
101555521,
99952604,
98118854,
99977552,
102084531,
100468906,
97474271,
99651198,
102031146,
98537968,
100777656,
98588437,
101586406,
100003125,
98690104,
100948542,
99009114,
101028229,
98479844,
116149792,
104895416,
100046354,
99012136,
99570469,
100157240,
99920365,
99997135,
99545729,
100014062,
100033697,
100022084,
100056614,
101472761,
97100468,
100249531,
100791770,
99502083,
98105625,
102961980,
99147969,
99503437,
99954271,
99990625,
100071979,
100052865,
99571667,
98960104,
102030989,
99034792,
100032187,
99540625,
99033333,
100967656,
100065989,
99577864,
99068854,
100072240,
101973750,
109618385,
100464167,
97270729,
101869323,
98935573,
101021562,
98076980,
99593750,
88218854,
94715729,
98020104,
99059792,
99569843,
101946459,
101039323,
97113854,
100984427,
99595260,
101826666,
98131406,
99083594,
100495521,
101914166,
100082917,
97122552,
99519688,
102925625,
100154740,
97067761,
99530000