68631302,
69491666,
70262344,
78104531,
88903698,
67014792,
66861823,
68777239,
72269322,
69667083,
69326718,
67638437,
71783750,
70198750,
71084896,
68477656,
72155105,
65819791,
70738490,
71229115,
69864584,
70621875,
68271562,
69758542,
69751927,
72212032,
68740469,
72217499,
65976041,
70433438,
71003646,
69185365,
71842813,
68651406,
70219427,
68858489,
71010417,
59644792,
71078021,
64661875,
72501562,
67561302,
70759635,
60895208,
70260209,
69714792,
78100261,
85848021,
80954688,
74650989,
70303542,
69725104,
69891510,
70161303,
70706250,
75187083,
80254792,
72244635,
69794636,
69254636,
71498750,
78031303,
71692135,
70234166,
67762500,
79056198,
87820468,
82002291,
72652865,
78989427,
80017656,
79000000,
79535364,
73169531,
83933438,
81876667,
72714063,
69275521,
79665416,
71027605,
67885416,
69762135,
70194792,
79954271,
71729739,
70695677,
68340104,
70395729,
69271146,
78851354,
71307500,
75878750,
64942031,
69570000,
71676146,
78992604,
72220886,
67832031,
67753073,
70885417,
70764636,
71671667,
70207136,
67185521,
71493177,
70270625,
68546355,
70728698,
72169010,
66820990,
68783385,
70205104,
71751198,
69754844,
70180677,
68787031,
70745938,
69212760,
70762344,
70306250,
79558750,
69167500,
69747604,
71684896,
69261406,
70712552,
69810053,
68228750,
70749479,
69785000,
78970312,
80011875,
69801927,
70245781,
69748125,
68753542,
72204948,
69744791,
68755052,
70202657,
68818282,
72176823,
70739792,
69757709,
69234531,
69747083,
70725833,
69304948,
69745573,
69716719,
70237344,
68757240,
69804843,
71143125,
71756770,
77201927,
68602708,
86820625,
74066250,
85871250,
82981511,
71708438,
69280261,
69718698,
69740052,
71189063,
69801458,
87374843,
87258281,
74108959,
69731406,
70250208,
70718438,
67816458,
71255677,
69698490,
70735053,
86346354,
71675625,
69803334,
71220625,
69729739,
70729323,
78010521,
88854947,
80079323,
72062188,
71738593,
67872240,
71172760,
68733177,
70112500,
70096823,
70646198,
77896355,
89414531,
81716614,
78663281,
71682605,
70044323,
69676354,
72184583,
66841823,
69722813,
70724948,
69280521,
70675573,
67892343,
71155468,
69728542,
70716875,
85874740,
81069219,
88253177,
89699062,
83211979,
71451823,
71238490,
66848021,
70699010,
78087657,
71697760,
71193907,
69746197,
68760104,
70217136,
68848334,
70685364,
71194636,
69942135,
70096823,
68742344,
68835156,
78998698,
71705729,
70260625,
69708281,
69781459,
71583282,
68293281,
70813541,
70159167,
67839896,
70612604,
86439271,
83065052,
71377813,
82227136,
65585989,
70749479,
69980156,
70893125,
70020469,
70548386,
68088333,
70093490,
69739844,
70830260,
69878906,
70591511,
68043229,
70097865,
70600312,
72159688,
73528542,
62796823,
69771718,
70861979,
70045208,
70812969,
66902396,
70741511,
69607292,
71445469,
70822604,
69759844,
67256407,
70467656,
69378073,
71526250,
69438386,
71434948,
69764011,
67437448,
70499896,
70624844,
69431562,
70765156,
69320208,
68432708,
70482292,
69691094,
71359636,
69505156,
68355677,
70735521,
70494896,
68508281,
71202396,
69365000,
68762552,
60055208,
69517604,
71675469,
69483020,
70259843,
68778333,
69761927,
71185208,
67815625,
71733230,
70166771,
68719739,
69838125,
71198073,
68774740,
70694063,
70273593,
69764844,
68884532,
71085209,
69812396,
69750886,
70205729,
67971406,
72296250,
68547812,
70702969,
69685989,
72162240,
64871771,
71705312,
70238958,
70706719,
70271614,
70691980,
66921718,
71146355,
69735886,
70940365,
70084792,
68736875,
69804167,
69163021,
70762083,
70761198,
70214271,
68848646,
69682760,
71227865,
68799688,
70658229,
71248542,
68791146,
69768125,
70211250,
85860312,
63852187,
69804687,
69277188,
69729948,
70712032,
70246458,
71640521,
65840520,
71326198,
69642656,
70757761,
70676563,
69365781,
68735313,
69251823,
70832708,
69649792,
79081250,
72042240,
72721771,
63920312,
71164687,
70779948,
71674115,
70184375,
68859323,
69722604,
70225104,
68763438,
70736302,
70207917,
68754271,
69821875,
69186614,
70740416,
70744636,
78105677,
80064948,
71546197,
71206510,
68828437,
68745833,
70871146,
68690208,
69759740,
72155417,
69827864,
69210989,
67825937,
70720937,
70295781,
70754531,
69662552,
70215156,
67864323,
70707187,
70211459,
70741146,
69722917,
71191719,
66885157,
70678073,
71243282,
69755990,
69774115,
71222448,
68822239,
69738854,
70184792,
69717969,
70777761,
70194739,
68804687,
67795886,
71181407,
69796250,
71207344,
85851719,
62933385,
70777709,
69715729,
69241614,
70744323,
69755573,
69270677,
69701146,
69833229,
72106667,
68771719,
71256145,
68758281,
68788750,
70247292,
70784062,
70654948,
77101979,
68707656,
72137396,
69779896,
70701302,
70193802,
78114010,
70721563,
84884115,
80026927,
64833438,
70785312,
59934896,
68793281,
70202552,
72734114,
66993802,
72055000,
68648333,
69254427,
69765416,
70743021,
69219635,
69809896,
70692031,
70201615,
68755365,
70807657,
70159427,
68810885,
70768542,
70166458,
68827969,
70689532,
70232916,
70740885,
68748802,
70285157,
69672135,
69788125,
69258177,
70778073,
70168646,
70794323,
66792344,
71213906,
70761666,
69353802,
70248646,
70735990,
68733385,
68261666,
78599948,
72240364,
70621563,
69740937,
78925989,
70274792,
70756563,
69699166,
76140625,
63858542,
70773020,
68239687,
70667031,
68923020,
70297605,
69724844,
67784844,
71298489,
69790105,
70596823,
71275833,
67747760,
68807813,
71193594,
69759896,
71137917,
69811771,
78045469,
78055312,
62436198,
70234740,
70744948,
78169948,
70568282,
67825365,
72188385,
69749428,
71209480,
69772136,
68865781,
72095364,
68766771,
69753178,
71273958,
68754739,
68782552,
70286146,
70680833,
68787344,
71268803,
69665416,
68803021,
70227656,
70738594,
67776511,
72479427,
69459063,
68785261,
70275416,
70707552,
69805937,
70167812,
69746250,
69314739,
69694271,
60982657,
67780677,
72679271,
70250573,
68779218,
69749948,
78118854,
80920052,
80045625,
88822344,
78915572,
73903334,
75693646,
74012031,
78007031,
77638282,
72008490,
71743906,
67789167,
71239219,
67757916,
71762917,
69228750,
69794740,
69670573,
71208177,
69824688,
68742709,
70194479,
71767864,
67546354,
70995521,
69799011,
68759323,
70232708,
70706250,
70233593,
69779167,
69774584,
67822500,
71139323,
69690000,
71319948,
70696666,
68776615,
68263229,
70753125,
69759531,
71164635,
69725417,
71722969,
66360833,
70721666,
69748646,
71250520,
69706511,
70701823,
67340937,
70753177,
69709114,
71230313,
69715052,
79011927,
69778490,
71235365,
68765104,
70745208,
70278386,
68716146,
69726979,
73189011,
78029115,
69742187,
69786771,
69272448,
69729011,
70737552,
70209219,
70774740,
68753750,
68366979,
70690000,
69794583,
71136875,
69813750,
59923490,
67845156,
60872292,
70806719,
70224635,
69780625,
69698959,
69288020,
69755208,
70711302,
70319011,
71658229,
68257396,
68737552,
69797083,
73118021,
67820105,
69741146,
68262812,
71363073,
69928698,
70329479,
69862291,
68762760,
69300000,
71729688,
69580625,
70235781,
69836198,
70799584,
67753229,
70660417,
70723646,
70232343,
69737708,
68815208,
69085208,
70874948,
69781562,
71199427,
69717969,
69269375,
69982240,
70322084,
69746875,
69882761,
60016562,
71637031,
64859635,
72210365,
71723229,
69274531,
69774584,
70770573,
65747917,
72232656,
69750677,
71199219,
69801979,
68759792,
70234583,
69757344,
69759740,
71180573,
69762708,
68950677,
70118542,
71673229,
67774271,
71204167,
69764635,
68767031,
70250625,
71739427,
66743073,
72205572,
67863906,
70713438,
70168594,
70676979,
70271094,
68778386,
67856770,
73153906,
68750886,
70723593,
70208385,
71758907,
65805573,
71237969,
69765364,
70586354,
70512761,
70569062,
66814636,
71178646,
69802761,
70683958,
70356510,
72838020,
64615156,
71204895,
69773593,
70651146,
70260833,
69762708,
68777083,
68250781,
70780885,
72175833,
69733646,
69751146,
68801563,
70267135,
69763907,
78131198,
80664323,
80941562,
69727448,
69748698,
72215937,
68741198,
69762500,
76121198,
62948489,
69743541,
71196302,
70695990,
68788073,
68259635,
70692969,
69761667,
71236771,
70733645,
71182917,
64901823,
71704896,
70213854,
70767396,
70771042,
68275469,
57452552,
72250520,
69688750,
73197188,
67613906,
71648282,
66839219,
70232135,
68788959,
72166615,
69801146,
69738750,
69292188,
69767552,
69731041,
70208385,
71713281,
69741406,
69249375,
67817604,
70720260,
72193803,
68813958,
68751667,
70217448,
71711563,
67853750,
71164375,
68720156,
69744323,
70283698,
70680209,
67817760,
61898906,
70378073,
58915469,
69749375,
68791562,
71207969,
70694896,
69715990,
69298438,
69731459,
70752448,
68243750,
71815938,
69623594,
70370313,
67791771,
70665573,
71252500,
67795469,
70693646,
68257448,
70774271,
69721666,
71289010,
69754844,
72130156,
64833490,
80067812,
71678697,
70724948,
70357656,
70582239,
67837500,
84893594,
65456354,
78951614,
71696042,
68793646,
69823073,
69165938,
70694167,
79059792,
71680261,
69301406,
69784844,
70683334,
69285937,
71854166,
68651041,
69195573,
70791823,
78073958,
72651510,
71186146,
65811354,
70811719,
87273438,
63370365,
70247917,
70716979,
67759792,
70319947,
69746927,
69731667,
71239427,
69791615,
77017135,
71579844,
72407968,
67739479,
70710365,
69764427,
83900729,
72696250,
61895781,
71273438,
68770312,
70711770,
70269948,
68856250,
69675573,
71225990,
69744063,
68749427,
69252656,
79041771,
87795364,
81993802,
96611510,
63911615,
79010573,
71719322,
71225834,
69941667,
71997552,
65765469,
70758750,
69706927,
71290469,
78038385,
80500989,
70276146,
70701719,
70252239,
68762188,
70724791,
67794271,
71338906,
70590833,
70224062,
69718385,
69837761,
76050625,
71200782,
79505885,
81127447,
79856250,
70815416,
70180938,
70718854,
69783698,
68204375,
71859635,
67676250,
71147032,
69782552,
70817396,
72060156,
68778594,
68813906,
69266771,
69719792,
71720000,
70255156,
80135625,
66852292,
70557552,
62946927,
67741406,
70257500,
69754844,
67815052,
71183802,
69800990,
72169636,
68791614,
68796927,
69290052,
71772292,
68770990,
72083073,
68765521,
70763803,
68297969,
63832292,
66581094,
69286562,
70757448,
67801250,
71176614,
61086667,
67802708,
69621562,
69771198,
71135938,
70744375,
67313489,
70753021,
69747552,
71232865,
68749739,
70475313